calib_time: Fri Aug 19 09:39:06 2016
corner_dist: 8.000000000000e-02
S_00: 1.024000000000e+03 7.680000000000e+02
K_00: 9.033125309836e+02 0.000000000000e+00 5.160416502714e+02 0.000000000000e+00 9.041861061245e+02 3.751800703760e+02 0.000000000000e+00 0.000000000000e+00 1.000000000000e+00
D_00: -1.086513618320e-01 1.473047645113e-01 2.661926157100e-04 2.729830515623e-03 0.000000000000e+00
R_00: 1.000000000000e+00 0.000000000000e+00 0.000000000000e+00 0.000000000000e+00 1.000000000000e+00 0.000000000000e+00 0.000000000000e+00 0.000000000000e+00 1.000000000000e+00
T_00: -4.037174635001e-17 2.712476707891e-17 4.037174635001e-17
S_rect_00: 9.450000000000e+02 7.020000000000e+02
R_rect_00: 9.993464060602e-01 2.507356352154e-02 2.603991372796e-02 -2.482565200258e-02 9.996437548058e-01 -9.800534703027e-03 -2.627637146326e-02 9.147671296551e-03 9.996128612681e-01
P_rect_00: 8.472669033101e+02 0.000000000000e+00 4.534690704346e+02 0.000000000000e+00 0.000000000000e+00 8.472669033101e+02 3.504008483887e+02 0.000000000000e+00 0.000000000000e+00 0.000000000000e+00 1.000000000000e+00 0.000000000000e+00
S_01: 1.024000000000e+03 7.680000000000e+02
K_01: 9.054555550014e+02 0.000000000000e+00 4.946628858488e+02 0.000000000000e+00 9.058261813068e+02 3.929635337978e+02 0.000000000000e+00 0.000000000000e+00 1.000000000000e+00
D_01: -1.045741563532e-01 1.418881206597e-01 -2.362789313847e-04 1.832541744343e-04 0.000000000000e+00
R_01: 9.996845708000e-01 -3.054811690632e-03 2.492843817754e-02 3.517966729611e-03 9.998216199383e-01 -1.855672961743e-02 -2.486730412663e-02 1.863857369918e-02 9.995169937304e-01
T_01: -5.673101194819e-01 -1.594860960515e-02 -9.328123313919e-04
S_rect_01: 9.450000000000e+02 7.020000000000e+02
R_rect_01: 9.996037223873e-01 2.810154266729e-02 1.643620740626e-03 -2.811585671912e-02 9.995599683459e-01 9.453479852037e-03 -1.377240128056e-03 -9.495945454854e-03 9.999539640551e-01
P_rect_01: 8.472669033101e+02 0.000000000000e+00 4.534690704346e+02 -4.808536396823e+02 0.000000000000e+00 8.472669033101e+02 3.504008483887e+02 0.000000000000e+00 0.000000000000e+00 0.000000000000e+00 1.000000000000e+00 0.000000000000e+00
