#calib_time: Fri Aug 19 09:39:12 2016
#description: use R/T/S to transform campoint c into laser coordinates l=R*S*c+T
R: -2.413654204916e-02 7.178869004273e-02 9.971277808385e-01 -9.995918456807e-01 -1.698099713580e-02 -2.297363238241e-02 1.528297701618e-02 -9.972753028719e-01 7.216925173022e-02
T: -3.216477493756e-02 -1.427808056774e-02 -1.494248520626e-01
S: 1.000000000000e+00
